
### For Data fitting ###

FIT_Fit_data_file_name	= ./results/fpot.WS.A12.high.fit
FIT_Output_file_name	= /dev/null

FIT_Function_name	= 4G

FIT_Fit_range_min	= 0
FIT_Fit_range_max	= 25

FIT_Parameter		= { 0.050546 2.182393 -0.040402 0.934585 0.246700 0.934519 -0.004704 8.776825 }

FIT_Stopping_condition	= 0.000001
